Station to measurement adjacency list
      0   ARAWANG n=    8 Joins:       0      1      2      3      4      5     38    334
      1  COOLEMAN n=    7 Joins:       0     10     11     39     99    131    269
      2    TS2090 n=    9 Joins:       1     99    100    101    102    103    104    261    283
      3    TS4301 n=    9 Joins:       2     44    100    200    201    211    285    320    336
      4    TS5664 n=   11 Joins:       3     10    101    106    244    245    274    297    303    327    328
      5    TS5851 n=    9 Joins:       4    249    265    283    284    285    286    287    288
      6   TS12109 n=   35 Joins:       5     11     20     72     82     94    103    104    107    108    135    224    240    241    242    250    259    260    267    268    276    282    287    288    296    299    305    326    327    328    329    330    331    332    333
      7 BIG MONKS n=    5 Joins:       6      7      8      9    112
      8    LANYON n=    8 Joins:       6     32     33     34     35     63    113    246
      9   MELROSE n=    7 Joins:       7     36     37    151    184    206    289
     10      ROSE n=    4 Joins:       8     63     64    203
     11    TS5852 n=    4 Joins:       9     35    289    290
     12     CRACE n=    5 Joins:      12     13     52    139    323
     13  TS2940-1 n=    1 Joins:      12
     14    TS3617 n=    3 Joins:      13     55    144
     15   DOWLING n=    6 Joins:      14     15     16    157    209    214
     16    TS1642 n=    6 Joins:      14     95     96    212    244    252
     17    TS5075 n=    8 Joins:      15     80    166    210    212    213    245    273
     18   TS12110 n=   12 Joins:      16     47    136    137    170    180    191    218    277    278    307    308
     19     GPS10 n=   18 Joins:      17     18     19     20     21     22     23     24     25     26     27     28     29     51     81     98    228    292
     20     GPS09 n=    7 Joins:      17     50     97    202    227    251    291
     21SHANAHANS MTN n=   11 Joins:      18     70     71     72     73     74     75     76     77     78    231
     22    TS1486 n=    3 Joins:      19     71    342
     23   TS12133 n=    5 Joins:      21     22     73     83    345
     24   TS12139 n=    5 Joins:      23     24     74     84    346
     25   TS12140 n=    4 Joins:      25     75     85    347
     26   TS12143 n=    6 Joins:      26     77     87    111    226    348
     27WRIGHTS HILL n=   13 Joins:      27     28     29     78    243    341    342    343    344    345    346    347    348
     28 LAKEBASE2 n=    7 Joins:      30     31     57     65    121    145    172
     29     TS603 n=    3 Joins:      30     66    148
     30   TS12097 n=   10 Joins:      31     62     69    190    217    302    322    323    324    325
     31    TS1433 n=    8 Joins:      32     88     89     90     91     92     93     94
     32    TS4192 n=    9 Joins:      33     89    184    185    207    247    262    284    290
     33  TS4311-1 n=   10 Joins:      34     90    115    116    202    203    204    205    235    255
     34    TS4618 n=    8 Joins:      36    154    185    208    211    314    317    338
     35   TS10833 n=    7 Joins:      37    124    128    155    313    314    315
     36     OAKEY n=   13 Joins:      38     39     40     41     42     43     44     45     46     47     48     49    132
     37RED HILL ECCE n=    8 Joins:      40     57     58    122    146    173    318    335
     38      STR3 n=   11 Joins:      41     79     80    133    147    158    162    174    186    270    306
     39    TS3651 n=   11 Joins:      42     60     79    145    146    147    148    149    150    163    176
     40    TS3889 n=   16 Joins:      43    172    173    174    175    176    177    178    179    180    181    182    183    188    319    325
     41   TS10834 n=    9 Joins:      45    129    179    201    315    316    317    321    339
     42   TS10835 n=    9 Joins:      46     68    125    318    319    320    321    322    340
     43   TS12121 n=    8 Joins:      48    109    138    171    181    192    279    309
     44   TS12227 n=   10 Joins:      49    182    183    334    335    336    337    338    339    340
     45ORRORAL FORD n=    5 Joins:      50     51     56    229    293
     46  PERCIVAL n=    7 Joins:      52     53     54     55    119    141    324
     47ROGERS ECCE n=    7 Joins:      53     59     60     61     62    117    193
     48    TS3584 n=    4 Joins:      54    139    140    143
     49      R622 n=    5 Joins:      56    230    294    295    326
     50   RUSSELL n=    6 Joins:      58     65     66     67     68     69
     51    TS2409 n=    5 Joins:      59    119    120    140    142
     52   TS10018 n=    7 Joins:      61    120    198    221    310    311    312
     53    TS2187 n=    8 Joins:      64     88    112    113    114    115    116    254
     54    TS2933 n=    7 Joins:      67    121    122    123    124    125    316
     55  TS1017-1 n=   10 Joins:      70     81     82     83     84     85     86     87    232    341
     56   TS12141 n=    5 Joins:      76     86    110    160    225
     57    TS5838 n=    8 Joins:      91    246    247    248    249    250    263    280
     58    TS5839 n=   14 Joins:      92    238    248    251    252    253    254    255    256    257    258    259    260    281
     59    TS5842 n=    6 Joins:      93    264    280    281    282    298
     60    TS2104 n=   11 Joins:      95    105    106    107    108    109    110    111    222    234    253
     61    TS3723 n=    8 Joins:      96    157    158    159    160    161    196    215
     62    TS1741 n=    6 Joins:      97     98    114    204    233    343
     63    TS5912 n=    8 Joins:     102    266    297    298    299    304    330    331
     64    TS5661 n=    7 Joins:     105    223    224    225    226    237    257
     65  TS2255-1 n=    4 Joins:     117    118    194    310
     66    TS5237 n=    9 Joins:     118    150    167    197    214    215    216    217    218
     67    TS3100 n=    7 Joins:     123    126    127    128    129    130    152
     68  TS4239-1 n=    3 Joins:     126    153    313
     69    TS6050 n=    1 Joins:     127
     70   TS12021 n=    2 Joins:     130    156
     71    TS3333 n=   11 Joins:     131    132    133    134    135    136    137    138    175    187    271
     72    TS7277 n=   10 Joins:     134    169    178    189    213    275    306    307    308    309
     73    TS3623 n=    7 Joins:     141    142    143    144    195    219    311
     74    TS4201 n=   10 Joins:     149    164    186    187    188    189    190    191    192    272
     75    TS3696 n=    6 Joins:     151    152    153    154    155    156
     76    TS4568 n=    5 Joins:     159    165    209    210    216
     77   TS12186 n=    3 Joins:     161    199    312
     78    TS3846 n=   11 Joins:     162    163    164    165    166    167    168    169    170    171    177
     79    TS5841 n=   12 Joins:     168    269    270    271    272    273    274    275    276    277    278    279
     80    TS4231 n=    8 Joins:     193    194    195    196    197    198    199    220
     81    TS4462 n=    6 Joins:     200    206    207    208    286    337
     82    TS5870 n=   10 Joins:     205    239    258    291    292    293    294    295    296    329
     83    TS5565 n=    3 Joins:     219    220    221
     84    TS5658 n=    5 Joins:     222    223    236    256    344
     85    TS5662 n=   17 Joins:     227    228    229    230    231    232    233    234    235    236    237    238    239    240    241    242    243
     86    TS5840 n=    8 Joins:     261    262    263    264    265    266    267    268
     87    TS6047 n=    3 Joins:     300    301    302
     88    TS1901 n=    1 Joins:     300
     89    TS2202 n=    1 Joins:     301
     90    TS7276 n=    5 Joins:     303    304    305    332    333
Station to station adjacency list
      0   ARAWANG n=    8 Joins:       1      2      3      4      5      6     36     44
      1  COOLEMAN n=    7 Joins:       0      4      6     36      2     71     79
      2    TS2090 n=    9 Joins:       0      1      3      4     63      6      6     86      5
      3    TS4301 n=    9 Joins:       0     36      2     81     41     34      5     42     44
      4    TS5664 n=   11 Joins:       0      1      2     60     16     17     79     63     90      6      6
      5    TS5851 n=    9 Joins:       0     57     86      2     32      3     81      6      6
      6   TS12109 n=   35 Joins:       0      1     19     21     55     31      2      2     60     60     71     64     85     85     85     57     58     58     86     86     79     59      5      5     82     63     90     49      4      4     82     63     63     90     90
      7 BIG MONKS n=    5 Joins:       8      9     10     11     53
      8    LANYON n=    8 Joins:       7     31     32     33     11     10     53     57
      9   MELROSE n=    7 Joins:       7     34     35     75     32     81     11
     10      ROSE n=    4 Joins:       7      8     53     33
     11    TS5852 n=    4 Joins:       7      8      9     32
     12     CRACE n=    5 Joins:      13     14     46     48     30
     13  TS2940-1 n=    1 Joins:      12
     14    TS3617 n=    3 Joins:      12     46     73
     15   DOWLING n=    6 Joins:      16     17     18     61     76     66
     16    TS1642 n=    6 Joins:      15     60     61     17      4     58
     17    TS5075 n=    8 Joins:      15     38     78     76     16     72      4     79
     18   TS12110 n=   12 Joins:      15     36     71     71     78     40     74     66     79     79     72     72
     19     GPS10 n=   18 Joins:      20     21     22      6     23     23     24     24     25     26     27     27     27     45     55     62     85     82
     20     GPS09 n=    7 Joins:      19     45     62     33     85     58     82
     21SHANAHANS MTN n=   11 Joins:      19     55     22      6     23     24     25     56     26     27     85
     22    TS1486 n=    3 Joins:      19     21     27
     23   TS12133 n=    5 Joins:      19     19     21     55     27
     24   TS12139 n=    5 Joins:      19     19     21     55     27
     25   TS12140 n=    4 Joins:      19     21     55     27
     26   TS12143 n=    6 Joins:      19     21     55     60     64     27
     27WRIGHTS HILL n=   13 Joins:      19     19     19     21     85     55     22     62     84     23     24     25     26
     28 LAKEBASE2 n=    7 Joins:      29     30     37     50     54     39     40
     29     TS603 n=    3 Joins:      28     50     39
     30   TS12097 n=   10 Joins:      28     47     50     74     66     87     42     12     46     40
     31    TS1433 n=    8 Joins:       8     53     32     33     57     58     59      6
     32    TS4192 n=    9 Joins:       8     31      9     34     81     57     86      5     11
     33  TS4311-1 n=   10 Joins:       8     31     53     53     20     10     62     82     85     58
     34    TS4618 n=    8 Joins:       9     75     32     81      3     35     41     44
     35   TS10833 n=    7 Joins:       9     54     67     75     68     34     41
     36     OAKEY n=   13 Joins:       0      1     37     38     39     40      3     41     42     18     43     44     71
     37RED HILL ECCE n=    8 Joins:      36     28     50     54     39     40     42     44
     38      STR3 n=   11 Joins:      36     39     17     71     39     61     78     40     74     79     72
     39    TS3651 n=   11 Joins:      36     47     38     28     37     38     29     74     66     78     40
     40    TS3889 n=   16 Joins:      36     28     37     38     71     39     78     72     41     18     43     44     44     74     42     30
     41   TS10834 n=    9 Joins:      36     67     40      3     35     54     34     42     44
     42   TS10835 n=    9 Joins:      36     50     54     37     40      3     41     30     44
     43   TS12121 n=    8 Joins:      36     60     71     78     40     74     79     72
     44   TS12227 n=   10 Joins:      36     40     40      0     37      3     81     34     41     42
     45ORRORAL FORD n=    5 Joins:      20     19     49     85     82
     46  PERCIVAL n=    7 Joins:      12     47     48     14     51     73     30
     47ROGERS ECCE n=    7 Joins:      46     51     39     52     30     65     80
     48    TS3584 n=    4 Joins:      46     12     51     73
     49      R622 n=    5 Joins:      45     85     82     82      6
     50   RUSSELL n=    6 Joins:      37     28     29     54     42     30
     51    TS2409 n=    5 Joins:      47     46     52     48     73
     52   TS10018 n=    7 Joins:      47     51     80     83     65     73     77
     53    TS2187 n=    8 Joins:      10     31      7      8     62     33     33     58
     54    TS2933 n=    7 Joins:      50     28     37     67     35     42     41
     55  TS1017-1 n=   10 Joins:      21     19      6     23     24     25     56     26     85     27
     56   TS12141 n=    5 Joins:      21     55     60     61     64
     57    TS5838 n=    8 Joins:      31      8     32     58      5      6     86     59
     58    TS5839 n=   14 Joins:      31     85     57     20     16     60     53     33     84     64     82      6      6     59
     59    TS5842 n=    6 Joins:      31     86     57     58      6     63
     60    TS2104 n=   11 Joins:      16     64      4      6      6     43     56     26     84     85     58
     61    TS3723 n=    8 Joins:      16     15     38     76     56     77     80     66
     62    TS1741 n=    6 Joins:      20     19     53     33     85     27
     63    TS5912 n=    8 Joins:       2     86      4     59      6     90      6      6
     64    TS5661 n=    7 Joins:      60     84      6     56     26     85     58
     65  TS2255-1 n=    4 Joins:      47     66     80     52
     66    TS5237 n=    9 Joins:      65     39     78     80     15     61     76     30     18
     67    TS3100 n=    7 Joins:      54     68     69     35     41     70     75
     68  TS4239-1 n=    3 Joins:      67     75     35
     69    TS6050 n=    1 Joins:      67
     70   TS12021 n=    2 Joins:      67     75
     71    TS3333 n=   11 Joins:       1     36     38     72      6     18     18     43     40     74     79
     72    TS7277 n=   10 Joins:      71     78     40     74     17     79     38     18     18     43
     73    TS3623 n=    7 Joins:      46     51     48     14     80     83     52
     74    TS4201 n=   10 Joins:      39     78     38     71     40     72     30     18     43     79
     75    TS3696 n=    6 Joins:       9     67     68     34     35     70
     76    TS4568 n=    5 Joins:      61     78     15     17     66
     77   TS12186 n=    3 Joins:      61     80     52
     78    TS3846 n=   11 Joins:      38     39     74     76     17     66     79     72     18     43     40
     79    TS5841 n=   12 Joins:      78      1     38     71     74     17      4     72      6     18     18     43
     80    TS4231 n=    8 Joins:      47     65     73     61     66     52     77     83
     81    TS4462 n=    6 Joins:       3      9     32     34      5     44
     82    TS5870 n=   10 Joins:      33     85     58     20     19     45     49     49      6      6
     83    TS5565 n=    3 Joins:      73     80     52
     84    TS5658 n=    5 Joins:      60     64     85     58     27
     85    TS5662 n=   17 Joins:      20     19     45     49     21     55     62     60     33     84     64     58     82      6      6      6     27
     86    TS5840 n=    8 Joins:       2     32     57     59      5     63      6      6
     87    TS6047 n=    3 Joins:      88     89     30
     88    TS1901 n=    1 Joins:      87
     89    TS2202 n=    1 Joins:      87
     90    TS7276 n=    5 Joins:       4     63      6      6      6
